15 29 7 16 30 8
9 6 26 10 7 27
1 39 29 2 40 30
13 27 48 14 28 49
26 12 14 27 13 15
44 32 17 45 33 18
4 43 28 5 44 29
6 23 27 7 24 28
29 49 49 30 50 50
39 40 16 40 41 17
42 9 27 43 10 28
10 18 4 11 19 5
28 40 14 29 41 15
6 2 15 7 3 16
9 49 21 10 50 22
3 43 2 4 44 3
42 49 49 43 50 50
4 15 36 5 16 37
22 15 39 23 16 40
40 46 48 41 47 49
35 34 17 36 35 18
34 5 11 35 6 12
24 38 35 25 39 36
13 5 42 14 6 43
34 29 8 35 30 9
27 30 25 28 31 26
24 7 34 25 8 35
12 35 6 13 36 7
48 45 25 49 46 26
35 20 43 36 21 44
43 9 13 44 10 14
5 1 42 6 2 43
35 47 43 36 48 44
9 12 10 10 13 11
44 10 41 45 11 42
20 41 4 21 42 5
35 48 18 36 49 19
36 35 37 37 36 38
9 40 46 10 41 47
12 28 41 13 29 42
7 2 19 8 3 20
3 39 34 4 40 35
9 24 10 10 25 11
17 25 29 18 26 30
20 49 37 21 50 38
46 6 40 47 7 41
32 19 1 33 20 2
39 41 41 40 42 42
25 6 10 26 7 11
14 48 49 15 49 50
45 5 38 46 6 39
24 48 5 25 49 6
20 25 49 21 26 50
49 18 23 50 19 24
37 30 19 38 31 20
44 29 27 45 30 28
22 29 7 23 30 8
12 24 40 13 25 41
6 49 20 7 50 21
25 44 10 26 45 11
7 20 36 8 21 37
46 36 13 47 37 14
25 45 20 26 46 21
29 40 4 30 41 5
22 43 33 23 44 34
4 13 38 5 14 39
32 46 1 33 47 2
18 5 35 19 6 36
49 25 41 50 26 42
48 32 14 49 33 15
25 32 32 26 33 33
22 39 17 23 40 18
39 32 12 40 33 13
35 5 9 36 6 10
48 6 37 49 7 38
8 16 20 9 17 21
43 46 4 44 47 5
20 24 2 21 25 3
4 7 5 5 8 6
28 44 19 29 45 20
25 48 19 26 49 20
39 20 29 40 21 30
6 27 20 7 28 21
13 35 12 14 36 13
32 44 30 33 45 31
49 4 47 50 5 48
13 3 23 14 4 24
30 30 15 31 31 16
49 20 43 50 21 44
27 23 49 28 24 50
22 17 11 23 18 12
20 32 17 21 33 18
19 11 2 20 12 3
47 6 28 48 7 29
31 5 34 32 6 35
34 9 46 35 10 47
1 16 43 2 17 44
31 29 1 32 30 2
44 6 42 45 7 43
24 32 38 25 33 39
33 2 17 34 3 18
13 32 22 14 33 23
9 28 41 10 29 42
11 25 14 12 26 15
26 2 49 27 3 50
43 36 34 44 37 35
37 1 24 38 2 25
5 37 45 6 38 46
48 38 10 49 39 11
43 2 26 44 3 27
20 12 43 21 13 44
25 14 13 26 15 14
40 33 27 41 34 28
17 1 4 18 2 5
8 14 25 9 15 26
26 37 3 27 38 4
25 15 31 26 16 32
10 10 9 11 11 10
24 5 18 25 6 19
23 34 34 24 35 35
14 42 8 15 43 9
37 2 34 38 3 35
45 14 36 46 15 37
11 25 8 12 26 9
40 25 15 41 26 16
42 44 18 43 45 19
29 16 24 30 17 25
45 11 22 46 12 23
29 7 32 30 8 33
31 33 45 32 34 46
24 9 11 25 10 12
13 46 12 14 47 13
42 13 19 43 14 20
4 35 33 5 36 34
26 33 35 27 34 36
43 19 44 44 20 45
15 13 22 16 14 23
34 1 30 35 2 31
46 2 8 47 3 9
36 23 37 37 24 38
32 21 43 33 22 44
34 19 27 35 20 28
43 33 2 44 34 3
49 4 49 50 5 50
5 45 24 6 46 25
26 25 28 27 26 29
3 2 15 4 3 16
38 18 47 39 19 48
49 29 40 50 30 41
5 16 14 6 17 15
1 2 34 2 3 35
49 22 23 50 23 24
34 13 20 35 14 21
45 16 17 46 17 18
13 16 28 14 17 29
36 11 38 37 12 39
18 39 14 19 40 15
3 20 28 4 21 29
9 15 24 10 16 25
9 29 26 10 30 27
17 2 36 18 3 37
11 10 22 12 11 23
25 25 44 26 26 45
36 33 49 37 34 50
8 27 6 9 28 7
34 16 1 35 17 2
4 31 8 5 32 9
47 48 31 48 49 32
13 4 19 14 5 20
44 3 5 45 4 6
27 33 41 28 34 42
3 23 22 4 24 23
10 40 33 11 41 34
2 39 48 3 40 49
37 28 16 38 29 17
44 31 43 45 32 44
13 7 37 14 8 38
1 15 47 2 16 48
32 49 48 33 50 49
2 7 21 3 8 22
41 13 31 42 14 32
11 16 7 12 17 8
13 28 40 14 29 41
35 14 14 36 15 15
5 47 17 6 48 18
9 38 46 10 39 47
21 42 48 22 43 49
8 40 49 9 41 50
21 4 39 22 5 40
4 26 12 5 27 13
27 6 22 28 7 23
19 31 38 20 32 39
14 27 8 15 28 9
11 28 5 12 29 6
47 8 9 48 9 10
37 40 42 38 41 43
43 30 49 44 31 50
18 33 49 19 34 50
1 49 25 2 50 26
12 23 29 13 24 30
