1 23 13 2 24 14
13 43 22 14 44 23
13 10 14 14 11 15
20 44 7 21 45 8
21 48 13 22 49 14
41 32 15 42 33 16
23 27 45 24 28 46
43 11 40 44 12 41
23 25 26 24 26 27
47 26 9 48 27 10
20 9 44 21 10 45
38 43 1 39 44 2
28 47 35 29 48 36
11 17 1 12 18 2
40 16 12 41 17 13
7 36 41 8 37 42
33 7 8 34 8 9
30 9 13 31 10 14
2 2 33 3 3 34
13 24 44 14 25 45
49 22 12 50 23 13
48 1 2 49 2 3
38 14 9 39 15 10
21 10 48 22 11 49
35 30 9 36 31 10
14 4 47 15 5 48
47 16 19 48 17 20
49 34 27 50 35 28
21 17 11 22 18 12
18 11 43 19 12 44
29 47 44 30 48 45
39 17 34 40 18 35
46 20 21 47 21 22
25 26 8 26 27 9
23 3 13 24 4 14
9 14 37 10 15 38
28 38 49 29 39 50
39 47 38 40 48 39
25 12 37 26 13 38
38 12 31 39 13 32
35 46 34 36 47 35
42 24 49 43 25 50
34 36 35 35 37 36
12 33 23 13 34 24
6 48 24 7 49 25
34 30 29 35 31 30
40 12 44 41 13 45
41 21 19 42 22 20
17 44 35 18 45 36
28 11 23 29 12 24
23 5 11 24 6 12
21 36 10 22 37 11
43 37 44 44 38 45
10 32 39 11 33 40
1 32 12 2 33 13
29 10 23 30 11 24
28 39 47 29 40 48
11 28 36 12 29 37
28 24 12 29 25 13
24 45 32 25 46 33
2 19 14 3 20 15
11 29 49 12 30 50
36 34 10 37 35 11
43 19 40 44 20 41
10 43 24 11 44 25
47 39 42 48 40 43
42 11 44 43 12 45
16 28 12 17 29 13
41 21 15 42 22 16
14 6 49 15 7 50
34 5 41 35 6 42
24 21 39 25 22 40
19 47 26 20 48 27
3 36 38 4 37 39
48 1 16 49 2 17
9 1 25 10 2 26
45 26 49 46 27 50
18 40 27 19 41 28
30 20 34 31 21 35
13 31 33 14 32 34
23 29 23 24 30 24
26 36 8 27 37 9
35 15 17 36 16 18
42 17 35 43 18 36
1 33 47 2 34 48
37 44 42 38 45 43
46 22 32 47 23 33
24 49 17 25 50 18
6 18 9 7 19 10
35 6 11 36 7 12
6 7 49 7 8 50
49 5 23 50 6 24
29 1 15 30 2 16
40 39 2 41 40 3
16 34 29 17 35 30
20 41 40 21 42 41
37 23 37 38 24 38
25 7 16 26 8 17
3 43 3 4 44 4
36 26 28 37 27 29
8 33 26 9 34 27
46 25 13 47 26 14
29 20 6 30 21 7
32 40 30 33 41 31
26 30 16 27 31 17
25 45 18 26 46 19
4 16 32 5 17 33
30 23 13 31 24 14
43 17 47 44 18 48
22 48 11 23 49 12
18 18 33 19 19 34
38 24 43 39 25 44
29 32 44 30 33 45
8 3 45 9 4 46
47 38 22 48 39 23
15 43 30 16 44 31
14 8 11 15 9 12
41 19 3 42 20 4
38 36 38 39 37 39
26 49 26 27 50 27
37 10 39 38 11 40
43 34 37 44 35 38
49 47 42 50 48 43
28 42 24 29 43 25
10 33 19 11 34 20
11 49 34 12 50 35
1 28 6 2 29 7
42 21 20 43 22 21
12 24 23 13 25 24
16 14 18 17 15 19
22 41 28 23 42 29
49 42 9 50 43 10
1 39 12 2 40 13
31 35 49 32 36 50
7 27 28 8 28 29
22 43 49 23 44 50
9 25 23 10 26 24
11 7 36 12 8 37
42 38 29 43 39 30
8 1 27 9 2 28
32 38 36 33 39 37
1 46 12 2 47 13
7 24 44 8 25 45
30 2 48 31 3 49
21 6 30 22 7 31
17 16 6 18 17 7
48 1 26 49 2 27
40 12 6 41 13 7
19 46 42 20 47 43
18 24 10 19 25 11
35 31 28 36 32 29
16 21 27 17 22 28
16 47 33 17 48 34
27 30 35 28 31 36
5 20 38 6 21 39
44 36 11 45 37 12
31 4 35 32 5 36
15 19 22 16 20 23
26 48 22 27 49 23
20 35 27 21 36 28
36 34 5 37 35 6
46 35 37 47 36 38
2 46 39 3 47 40
11 14 32 12 15 33
2 33 44 3 34 45
19 20 27 20 21 28
47 12 12 48 13 13
36 28 7 37 29 8
18 2 44 19 3 45
15 19 33 16 20 34
49 10 25 50 11 26
29 38 23 30 39 24
48 47 27 49 48 28
38 49 46 39 50 47
25 44 15 26 45 16
39 8 33 40 9 34
44 20 10 45 21 11
4 44 35 5 45 36
16 19 40 17 20 41
22 47 25 23 48 26
24 44 36 25 45 37
9 24 33 10 25 34
27 43 20 28 44 21
27 24 46 28 25 47
47 31 17 48 32 18
20 12 37 21 13 38
36 37 5 37 38 6
33 31 23 34 32 24
49 14 42 50 15 43
30 44 13 31 45 14
46 29 14 47 30 15
4 9 48 5 10 49
39 31 49 40 32 50
42 18 11 43 19 12
46 17 17 47 18 18
23 37 43 24 38 44
44 4 20 45 5 21
1 38 10 2 39 11
41 7 4 42 8 5
10 26 30 11 27 31
